Prob_0,Prob_1,Prob_2,Prob_3
0.3677085982656408,0.298996549281733,0.2704040346863357,0.06289081776629038
0.372980479729062,0.29973641030061443,0.25995587246258006,0.06732723750774341
0.3886112796717219,0.2877216189167884,0.24255778815943635,0.08110931325205355
0.4138913909357658,0.26618252651725083,0.2579761262534866,0.06194995629349699
0.4178530427768294,0.1720486908610764,0.18897443099295508,0.22112383536913952
0.4733413172886465,0.21519037557702614,0.23729035886233246,0.07417794827199505
0.44700689941543503,0.23986551028852524,0.24744855778402453,0.06567903251201519
0.012541550751039115,0.43271460249751026,0.02606567557566333,0.5286781711757876
0.4008670488570917,0.27791058508163025,0.24641894488877944,0.07480342117249882
0.4762715634648862,0.21547655910305236,0.2417294124062668,0.0665224650257947
0.406108649750211,0.2729170546991857,0.25730214529570744,0.06367215025489574
0.4350338925371645,0.24942004953397984,0.24998693034941158,0.06555912757944418
0.49702308057822964,0.1974927400402401,0.23683082275571016,0.06865335662582013
0.47562515212336276,0.21476012738405753,0.23948176782713645,0.07013295266544303
0.4832546700704093,0.20848471055304632,0.23847707226244372,0.06978354711410079
0.4441975687578468,0.2423556776353643,0.25002876531152746,0.06341798829526132
0.4952227709796084,0.19466077093358383,0.23165323849502006,0.07846321959178783
0.6146207760448555,0.07885236703095265,0.1900520633912761,0.11647479353291576
0.41960012504016453,0.2625152640720964,0.25082263590500575,0.06706197498273316
0.3907154121145098,0.28298227458974673,0.26430101569762116,0.06200129759812262
0.6424271922352024,0.053258530419871455,0.17405767307548128,0.13025660426944477
0.4941218290172903,0.19912501452531914,0.23620712472605168,0.07054603173133898
0.43093837362730775,0.25291039087312234,0.24743538648633934,0.0687158490132305
0.40498403769455427,0.2728713875681336,0.2602817645262696,0.06186281021104265
0.441681541262484,0.2443601513306797,0.24921163621735443,0.06474667118948174
0.40145358789258934,0.27452540336430076,0.23757554815347193,0.08644546058963787
0.4564620006957779,0.2322665813036238,0.24744966084722173,0.0638217571533766
0.45791180290121236,0.22957292758844866,0.24182194641538482,0.07069332309495424
0.6367795445064479,0.05766214331100792,0.1754081584636546,0.13015015371888977
0.4393372177225434,0.24629498358953247,0.2497590240748253,0.0646087746130987
0.5782673763658044,0.12602422040512534,0.21394017918333968,0.08176822404573088
0.434182340667202,0.25018708437987053,0.24702229394477077,0.06860828100815648
0.47039990111549673,0.22063122081000897,0.2438320237265615,0.06513685434793258
0.4957985543816668,0.19907239217114048,0.23789142514021708,0.06723762830697531
0.541540315772366,0.12687437793384107,0.20414542880012237,0.12743987749367022
0.09403789138220929,0.542519299600704,0.12230391634821401,0.2411388926688724
0.39260617151012056,0.2816379811065552,0.26336061660075416,0.06239523078257015
0.4297258671064055,0.24667987995973534,0.23273614139910914,0.09085811153475008
0.47381315696365767,0.21779034212389128,0.2432074553734326,0.06518904553901829
0.43518228151913374,0.2490814462295899,0.24559895900747622,0.07013731324380033
0.5869508205304146,0.11483056364148109,0.2087901997126566,0.08942841611544783
0.4139840577109532,0.26670010000006594,0.255781074477231,0.06353476781175008
0.43521920794697166,0.249473593511038,0.24789554396855848,0.06741165457343183
0.5698685748141786,0.13135600815716678,0.21538749822241515,0.0833879188062394
0.5539342376514743,0.14720270061735996,0.22146599250698892,0.07739706922417676
0.5075569294493147,0.18030614417008778,0.2260912948731063,0.08604563150749121
0.3857861304962117,0.28824487115480596,0.2622387351007833,0.06373026324819875
0.4479480358236383,0.23921130920768735,0.24821057156856718,0.06463008340010713
0.4974435693012976,0.1971941006409105,0.23682539431575497,0.06853693574203702
0.4207367409176912,0.2611107290225909,0.255621893988071,0.06253063607164706
0.40192984755886124,0.27698603071941674,0.25418890115065434,0.06689522057106777
0.43464598045592717,0.2501305014551876,0.2501095375346932,0.06511398055419203
0.07830497409645276,0.5606787441402978,0.11390269996439349,0.24711358179885595
0.48504384170186765,0.2083460417246197,0.24053537064950495,0.06607474592400742
0.4446376100952324,0.24194612154769188,0.25046588752713567,0.06295038082993995
0.4036388666572763,0.275524433561538,0.25444291883291825,0.06639378094826758
0.44535788146788075,0.24104284333261705,0.24659563507441795,0.0670036401250845
0.36644290186686945,0.302158120420697,0.2305068779828179,0.10089209972961553
0.39386729334535814,0.2833252784067271,0.2563956387698935,0.06641178947802086
0.5593288162786196,0.14263390198397477,0.21998822638811535,0.07804905534929056
0.3107643292511519,0.354473993402118,0.2262590240006023,0.10850265334612766
0.4525201724146831,0.23549256650063996,0.24775320749470522,0.0642340535899715
0.36924232026522796,0.30489876777581615,0.25172243312151,0.0741364788374458
0.4613170268731271,0.2233098587488542,0.23564325600222932,0.07972985837578933
0.46006032206496783,0.22420911634970425,0.235528707014003,0.08020185457132482
0.40307716337274707,0.27571509858557225,0.25606078677988453,0.06514695126179633
0.37561876901723545,0.29392026584745734,0.26789828727598936,0.06256267785931807
0.4416504565714204,0.24313590435298915,0.24326265481318352,0.0719509842624069
0.40604534885792243,0.2727565273988713,0.25811368674349233,0.06308443699971393
0.4225364737405542,0.2568745499415144,0.23857742294271428,0.08201155337521732
0.6018298116471829,0.10416913552834337,0.2047482642079035,0.08925278861656985
0.42770683565985373,0.2557808523176018,0.25249236220524923,0.06401994981729556
0.4816620073790971,0.2111927075059291,0.24142144759977463,0.06572383751519893
0.031741622419612876,0.5667226501265128,0.06261270474264874,0.33892302271122515
0.38671365160117066,0.28776667907706754,0.2614846465985894,0.06403502272317257
0.4516763742871858,0.23622754594839765,0.24875818836788854,0.06333789139652814
0.46119428711666655,0.22836124469104999,0.24630477811378054,0.0641396900785027
0.19457977495399678,0.40642908852441295,0.15902660850003997,0.23996452802155024
0.40209729325579197,0.27569877789984376,0.2592916930224976,0.062912235821867
0.1110678124925229,0.515240959897203,0.12816648092112587,0.24552474668914803
0.44670305609118816,0.24029195010129395,0.24996729940167503,0.06303769440584285
0.45800277715289167,0.23096553666054515,0.2466461961651447,0.06438549002141819
0.357914213901762,0.31506914428477895,0.24552428016999783,0.08149236164346096
0.4228060227426285,0.2595888538228971,0.24723570225732114,0.07036942117715328
0.44248699727000324,0.24374463786056697,0.25060392650724234,0.06316443836218748
0.42834849097812827,0.2549240737180253,0.2544718827746752,0.062255552529171344
0.33831206566910454,0.33169971252828456,0.24985004433660807,0.08013817746600245
0.07759746054018674,0.5649245440847335,0.11666031762870363,0.24081767774637622
0.4230164549824083,0.25932658677559933,0.25505974763315253,0.06259721060883998
0.11064138508089635,0.405565960077597,0.10540758472427925,0.37838507011722716
0.2535107522172419,0.404489789323476,0.2071134329132343,0.13488602554604773
0.4127742818304979,0.267567943712329,0.25644468630461387,0.06321308815255912
0.5474569064529227,0.153742359418278,0.22391625838195497,0.0748844757468445
0.4008433731913117,0.2774640905297858,0.25659492552101004,0.06509761075789246
0.44697864190023473,0.2400512654710389,0.24989706370672446,0.06307302892200194
0.5598919551122552,0.1423033245942358,0.2199232326511309,0.07788148764237797
0.43526353793431516,0.24962841177797354,0.2501636534221286,0.06494439686558255
0.35687594542582124,0.3156072015381586,0.2507724414867513,0.07674441154926853
0.48902235396345517,0.2049329911300721,0.23963675877065982,0.06640789613581302
0.4367045020523955,0.24846201445111174,0.25100367915924293,0.0638298043372496
0.4322952466311143,0.2518695519103107,0.253414701211748,0.062420500246827014
0.3713994492174708,0.30046212639727093,0.26154761675707644,0.06659080762818184
0.37871752391124375,0.29576264557707443,0.25733091487536586,0.0681889156363157
0.43724232514099715,0.24791545875298665,0.25225561815717784,0.06258659794883807
0.3953285218949945,0.28012960405030696,0.26029698792353223,0.06424488613116604
0.3668164795771532,0.30636563419372365,0.25490267498441566,0.0719152112447074
0.46289374694961133,0.225816919628238,0.24218258912198914,0.0691067443001615
0.4051988485645516,0.2738896423694332,0.2563521306242572,0.06455937844175805
0.40366168492942056,0.27364430565651915,0.26052366512627445,0.062170344287785666
0.42914490152404844,0.253653003398544,0.2441167000277483,0.07308539504965947
0.431671202605004,0.25239919129409255,0.2534288859893093,0.06250072011159422
0.5457569083486029,0.15524543294108142,0.2240466028796091,0.07495105583070631
0.5982042946283576,0.10590214543805815,0.20535676500273553,0.09053679493084898
0.6347527437725139,0.06017869243125361,0.17893672706150782,0.12613183673472453
0.3959788887218826,0.2820818297491988,0.24641686419399297,0.07552241733492568
0.640439790071808,0.06368266706238343,0.18236144269912732,0.11351610016668107
0.4707313022080751,0.22043850609877486,0.24407420805097021,0.0647559836421798
0.45759851727578715,0.22214429445512482,0.23094921007730032,0.08930797819178769
0.4991414596588932,0.19619759475289675,0.2368013677522634,0.06785957783594683
0.5011529119983891,0.19184516473358462,0.23317345537746068,0.07382846789056587
0.4022752452493859,0.2762266695388707,0.2567978304819265,0.0647002547298168
0.40316489434915426,0.2758883685585998,0.24597136624225616,0.07497537084998998
0.43521920794697166,0.249473593511038,0.24789554396855848,0.06741165457343183
0.21001246961170222,0.4274718698756414,0.17833501992863754,0.1841806405840191
0.42081075278376545,0.2613081176090435,0.25413400589242047,0.06374712371477016
0.3853687427347443,0.28959100288033196,0.259453332805059,0.06558692157986501
0.5059026627090463,0.1902462105873586,0.2348513557852503,0.0689997709183448
0.46311559271360964,0.22656045721858326,0.2449053244131739,0.06541862565463342
0.469042021689511,0.22181003821281248,0.2443589516839428,0.06478898841373386
0.4660453398862305,0.22316021584903908,0.24168608056625415,0.06910836369847607
0.43038172343771675,0.25325041350220334,0.253472893107863,0.06289496995221669
0.3800969450372973,0.29518639461176804,0.25484853027165255,0.06986813007928194
0.49445754229318517,0.2002520249047731,0.2380442671494077,0.06724616565263412
0.6181464720068216,0.07220582100731203,0.18580975284645973,0.12383795413940682
0.5347741035627303,0.15911979952555722,0.2226431566803933,0.08346294023131928
0.5548235423956409,0.14444984091218052,0.2197393445236709,0.08098727216850779
0.5027299178251345,0.19305102363534282,0.23610428302284256,0.06811477551667987
0.37871752391124375,0.29576264557707443,0.25733091487536586,0.0681889156363157
0.47976244240771543,0.21174028286852983,0.23965830427788407,0.06883897044587066
0.43052798933453745,0.25348016123848727,0.24971083302910663,0.06628101639786875
0.44937794696012295,0.23809547830408806,0.2492993438144816,0.06322723092130718
0.420697158611914,0.2615597210641047,0.24935685837268012,0.06838626195130151
0.6157344909968302,0.07515675839757084,0.18757747715814774,0.1215312734474508
0.02766459912838656,0.3224883883884894,0.03729357955634693,0.6125534329267773
0.40704406853837655,0.2728813349172932,0.2482435541972954,0.07183104234703466
0.44267185709913487,0.2423446892620345,0.2433689233279293,0.07161453031090131
0.4420769271057307,0.23885321168413023,0.23582958416134034,0.08324027704879877
0.4342088369969249,0.2503713124095887,0.25286137918598595,0.0625584714075003
0.010156872109514522,0.4710975049724721,0.024643248920640643,0.4941023739973724
0.4346056864909586,0.2500353087436073,0.252847888993049,0.06251111577238484
0.36994011472759286,0.30214262068637876,0.260298799873562,0.06761846471246655
0.4368455155141177,0.23952012521967847,0.23145365445119342,0.09218070481501049
0.3757791006898409,0.2939653172626152,0.265446689000768,0.06480889304677567
0.38585300871013906,0.286520532128833,0.26559359283781286,0.062032866323215106
0.3794715759686418,0.29140268353802834,0.26664985387049167,0.06247588662283808
0.42591372601171257,0.25132829966376946,0.23446599276318272,0.08829198156133526
0.36558094217262926,0.2997172934128555,0.27177216795088355,0.0629295964636315
0.3920912384393514,0.28219225035957607,0.2638006210863063,0.06191589011476595
0.4479480358236383,0.23921130920768735,0.24821057156856718,0.06463008340010713
0.4661074156062327,0.22424069466738625,0.24494465871246524,0.06470723101391579
0.40213813374972696,0.2768579230238629,0.24663026295199522,0.07437368027441482
0.3959767774459845,0.2802016876368082,0.2610477578391081,0.06277377707809942
0.4726146873177817,0.21887107545022977,0.24369053229237456,0.06482370493961404
0.3985871712214353,0.2775328114657702,0.2620304489349985,0.06184956837779588
0.4849856243177728,0.20603024040233003,0.23543076939545007,0.07355336588444727
0.34918295593981286,0.3163210620119157,0.26671958686068814,0.06777639518758331
0.6255632719665766,0.07220391166907561,0.18697320687664337,0.11525960948770407
0.009649560313553572,0.19918362883957527,0.015271634399153463,0.7758951764477178
0.46370527655703464,0.22491265463134522,0.2415363835886016,0.06984568522301852
0.5024857945733082,0.19322679313097654,0.23612351640382498,0.06816389589189033
0.5429238131088558,0.15778817677914,0.22525821261786624,0.07402979749413793
0.48471440255375786,0.20853430841350384,0.2403343411305982,0.06641694790214006
0.37518184653757486,0.2957901881957676,0.2651046400702664,0.06392332519639103
0.43753783787605643,0.24777933338723304,0.2503469663392413,0.06433586239746932
0.4586501546199765,0.22979779579935058,0.24400391665194454,0.06754813292872844
0.40387715155786164,0.2746352299948013,0.25785336737902,0.06363425106831726
0.44942022635329115,0.23803820730626365,0.24919919400568705,0.0633423723347581
0.4794622490737902,0.2121003256874462,0.23924895197963036,0.06918847325913306
0.5757638973793843,0.12792440327628093,0.21411905013472465,0.08219264920961007
0.040555468670683555,0.5593003514332703,0.07049830872551481,0.329645871170531
0.3559219396419376,0.30819246372645076,0.2713128020814718,0.06457279455014006
0.48517214827837446,0.20710319493472784,0.2385364836251084,0.06918817316178935
0.37270042751564264,0.30197401613328395,0.25154533616479396,0.07378022018627949
0.44538059747157255,0.24138974483099915,0.2500428103420445,0.06318684735538391
0.3720742596759743,0.29051940491089884,0.22383262630940312,0.11357370910372395
0.40599522252534703,0.2737879497307932,0.2522556464892552,0.0679611812546046
0.5553506453605764,0.14600193788977847,0.22033689526079486,0.07831052148885022
0.007564910469667819,0.45469969973772384,0.020002070948755894,0.5177333188438529
0.4532028662834641,0.23312884750229695,0.24142563666577818,0.07224264954846052
0.4557322312791807,0.2320350618476715,0.24380107959933978,0.06843162727380818
0.5128197813584496,0.18183169535100757,0.23081334848830398,0.07453517480223891
0.485576312976712,0.20716596950867724,0.23917273353493265,0.06808498397967808
0.48517214827837446,0.20710319493472784,0.2385364836251084,0.06918817316178935
0.3994683085937499,0.2774328772912344,0.26062467277401985,0.06247414134099597
0.4891899919326013,0.20480495619575786,0.2396150800421957,0.06638997182944513
0.4588668237604391,0.22983821783360708,0.24471082729094643,0.06658413111500765
0.3649632887145484,0.3063044848050551,0.26022445743921885,0.06850776904117747
0.4818763256840189,0.20947760865858028,0.23842582690169017,0.07022023875571065
0.4750518398113353,0.2164152556916594,0.2420709649453903,0.0664619395516149
0.3357695232858469,0.32727871818730636,0.2665119224125474,0.07043983611429908
0.47977681508614567,0.21282768869650992,0.2419457900317742,0.06544970618557046
0.2248395050416006,0.3599140554318437,0.16442342742951047,0.25082301209704533
0.46294483596388675,0.22695017725515476,0.24601342342082583,0.06409156336013268
0.38754094153662527,0.2879476984968973,0.2589158235306312,0.06559553643584648
0.607305273171123,0.07883585203720382,0.18875644697800492,0.12510242781366812
0.47945788808453277,0.21286005474097197,0.2415066054798494,0.06617545169464571
0.46676700934573473,0.22357036604099878,0.24437013631788765,0.06529248829537884
0.4635840693297398,0.2264067072906285,0.2458376035191746,0.06417161986045708
0.43699862296716635,0.2482177764862036,0.2503060058184927,0.06447759472813745
0.4242293128747457,0.25866347758028263,0.2497907580312386,0.06731645151373317
0.5141215516026382,0.17206800060174196,0.22292888646717518,0.09088156132844444
0.36775719767065257,0.29830115805460755,0.271099970809433,0.06284167346530663
0.454820274885591,0.22796248640597205,0.23502198059118984,0.08219525811724696
0.5424551704212599,0.15681442098126297,0.2243288660060643,0.07640154259141298
0.46547045625837685,0.22485099846351372,0.24542066653447916,0.06425787874363055
0.4264531908529361,0.25667475296708525,0.2538669568455494,0.06300509933442915
0.2813884384187262,0.3825711144288246,0.2223113424051446,0.1137291047473046
0.38280529442281713,0.29238420153658956,0.25717760567914166,0.0676328983614516
0.4766749942117836,0.21540571758424562,0.2426031859955735,0.06531610220839733
0.035959954765022006,0.5309217183828395,0.060434503125853134,0.3726838237262858
0.40805115321363133,0.27095019686374594,0.24268701074340332,0.07831163917921949
0.39193287476419325,0.28545759421603484,0.2456928401063197,0.07691669091345223
0.45859433434494873,0.23055472822457776,0.24709652508348995,0.0637544123469836
0.45708740215860055,0.23139716950305195,0.24529614939251543,0.06621927894583222
0.39123775174185044,0.28468445142157395,0.25951316340130487,0.06456463343527086
0.39529156436216545,0.28011556709016383,0.26257561674646374,0.062017251801207054
0.4541325350628625,0.23419746424030152,0.24809457705674268,0.06357542364009333
0.15619887655842019,0.47666893703169416,0.15442500509902415,0.2127071813108617
0.40533903750121814,0.2725533413610449,0.2602755903290105,0.06183203080872636
0.38994612866849965,0.28370640841613776,0.26439574604309735,0.06195171687226522
0.45111942386183096,0.23636912708733204,0.24631540512371097,0.06619604392712575
0.5383765785127929,0.16063358560794175,0.2256278306526383,0.0753620052266271
0.5905436467030236,0.1147742190820154,0.20936939085247575,0.08531274336248525
0.44538059747157255,0.24138974483099915,0.2500428103420445,0.06318684735538391
0.4219907302731434,0.2600409710835021,0.25568286394072,0.06228543470263428
0.22150317134724104,0.4085941501179662,0.17855301057781356,0.19134966795697939
0.45404434196228766,0.23141600875809074,0.23931607244971317,0.07522357682990845
0.004882249665678124,0.22444258768360745,0.010125510355125709,0.7605496522955878
0.4897483932845131,0.20430571195934943,0.2392764583841182,0.06666943637201932
0.6260073597895248,0.06670809543773691,0.18288006874654253,0.12440447602619578
0.4726146873177817,0.21887107545022977,0.24369053229237456,0.06482370493961404
0.4171985483346345,0.2614076990525686,0.23856731931239625,0.0828264333004007
0.35252609500757826,0.3131839483706716,0.26749587945083575,0.06679407717091428
0.6499477186006046,0.052435030095696854,0.17402975174128907,0.12358749956240907
0.39745037725553395,0.2805650338050013,0.2552199032079447,0.06676468573152021
0.46928889732848716,0.2216172406239558,0.2443489406068453,0.06474492144071173
0.4078125034145786,0.2702604258071497,0.24024437021399395,0.08168270056427743
0.43707848757061546,0.24758100072189024,0.2458042904231935,0.06953622128430066
0.5258091624135224,0.17243045652225894,0.2289618577499697,0.07279852331424916
0.4503083630249423,0.23724882324498905,0.24765675037289706,0.06478606335717138
0.39209614234408224,0.28233793485861464,0.26178767756198656,0.06377824523531676
0.5404098064129219,0.145732627247398,0.21528148661965685,0.09857607972002316
0.44928749396874407,0.2381175211281164,0.24907715027340677,0.06351783462973279
0.6074967175520298,0.09439714497347453,0.19814713744206455,0.09995900003243154
0.4682526746788496,0.22252898999478268,0.2447469338516508,0.06447140147471678
0.06857113257613469,0.46786019625011294,0.08278338319797107,0.3807852879757811
0.4185451850998855,0.2630433209759169,0.24666754689937592,0.07174394702482166
0.4684276977463761,0.22135005665985,0.2412704729536033,0.06895177264017048
0.13679302273374616,0.47909067679630385,0.13860577300794022,0.2455105274620098
0.4618496602092144,0.2273454422088464,0.24419110899417487,0.06661378858776432
0.47023084420447653,0.22087199046150868,0.24426872333235447,0.06462844200166011
0.3744145702358045,0.2990643062781856,0.25835490732614885,0.06816621615986074
0.4164994436087906,0.2650579638562571,0.2496130150459255,0.06882957748902677
0.45140114157075073,0.23646609901366372,0.24882989521847518,0.06330286419711037
0.03632706274153084,0.4830216561645932,0.05561032194679098,0.4250409591470846
0.44273192649859067,0.24336697982518238,0.2478424211673845,0.06605867250884233
0.6548048322655036,0.04654563883697757,0.1688672600531663,0.12978226884435232
0.44226685767767604,0.2438019318312802,0.2507829338900134,0.0631482766010304
0.3901016546621359,0.2850845134335993,0.2611109498387914,0.06370288206547339
0.3965645195373864,0.27934456475550284,0.2619214293254253,0.0621694863816851
0.46551965013049146,0.22469211452830457,0.24493667793809815,0.06485155740310602
0.5480295977997672,0.12548948855222272,0.2051150027289775,0.12136591091903252
0.49208695920745005,0.19675037926161915,0.23150688392009175,0.07965577761083903
0.3435103813386153,0.3227045007331971,0.263241196883153,0.0705439210450345
0.45673972665908047,0.22344991959696972,0.2315857880407557,0.08822456570319409
0.48902235396345517,0.2049329911300721,0.23963675877065982,0.06640789613581302
0.36593885648131463,0.30541747502418687,0.2604317365721385,0.06821193192236001
0.1558437733915669,0.48496419031440946,0.15829978267279557,0.20089225362122803
0.4602735752221605,0.22892550174355963,0.2454506827036919,0.06535024033058799
0.37132561849820356,0.3032779725056908,0.24502140008545806,0.08037500891064765
0.38426274410517275,0.28742676078453655,0.2658725876180733,0.06243790749221748
0.4658308865671939,0.22448474164622192,0.24507423055492877,0.06461014123165545
0.3603874528987304,0.2971758719642877,0.21957953871910152,0.12285713641788029
0.4314245240450419,0.2526072962614001,0.25342776020439023,0.06254041948916751
0.44504890231228555,0.2402437776956885,0.2428632225094121,0.07184409748261368
0.3901065878871688,0.2871778597232045,0.247053567052446,0.07566198533718063
0.36488518115436774,0.30761721681912024,0.25636914123496357,0.07112846079154833
0.42124448254355285,0.26115516569737734,0.251023619390757,0.06657673236831266
0.45335070881670503,0.23409134072739957,0.24433707349176337,0.06822087696413193
0.4312635263515673,0.2528815738738989,0.2497864026513627,0.06606849712317112
0.4558378957325518,0.23282999228930565,0.24772745329542223,0.06360465868272049
0.3946925517845237,0.28172415546019447,0.2403939262266315,0.08318936652865046
0.41253430349107906,0.26703413820282274,0.2582031154444377,0.06222844286166052
0.43339730202664306,0.2511572375121086,0.25148416355538705,0.06396129690586107
0.5733606110137298,0.12513183082138662,0.21212313525330467,0.08938442291157908
0.3885128749985793,0.28580594692843464,0.26263977634798374,0.06304140172500239
0.49514421588164875,0.19882408497097154,0.2368359881393119,0.06919571100806798
0.49213254703282405,0.20174597271386216,0.23745534992754447,0.06866613032576951
0.4284746845633134,0.25480590990955665,0.25442010880977045,0.06229929671735948
0.4181274774327608,0.2637288303256969,0.2514436731149089,0.06670001912663351
0.5785626521644459,0.09543533401523288,0.1942305614050215,0.1317714524153002
0.26364569346084593,0.14780542825371748,0.13176893409405066,0.4567799441913856
0.45800277715289167,0.23096553666054515,0.2466461961651447,0.06438549002141819
0.3804498482364886,0.29266531508530547,0.262279106367373,0.06460573031083319
0.4394408173224778,0.24553639284397222,0.24529331042652655,0.06972947940702351
0.4671506856035729,0.22327471832281542,0.24437503601502455,0.06519956005858729
0.3341149424174248,0.24807534636234962,0.18484449014322746,0.23296522107699866
0.4604935823638051,0.2276257717269783,0.24201699907703206,0.06986364683218448
0.43910770720075404,0.24612900030543003,0.24676922032491255,0.0679940721689033
0.4674852553534299,0.22109135671175098,0.2396902883613146,0.07173309957350452
0.48495627480883813,0.20844600596851628,0.24066712628537615,0.06593059293726942
0.43520492665507393,0.24968779515607348,0.2508952331030799,0.06421204508577263
0.0016997402410248808,0.37126820628257534,0.006980489524972033,0.6200515639514284
0.37536194495440584,0.29432981617168397,0.26531247104563227,0.06499576782827808
0.42543216331406297,0.2546501660033528,0.23898576868275218,0.08093190199983215
0.003433793152634045,0.34746406104200334,0.010007150870800756,0.6390949949345621
0.43862161512448694,0.2468502175513254,0.2517343375656329,0.06279382975855492
0.4151443376414818,0.26620599127230565,0.2502428378070371,0.06840683327917561
0.4850662214866645,0.2078629938524462,0.23977016376822852,0.06730062089266085
0.6059091485873972,0.06723931459835603,0.18008827407389033,0.1467632627403565
0.3367697333816324,0.3263257105739371,0.2667787527257179,0.07012580331871236
0.013761511741796675,0.456973715078876,0.028794933214631054,0.5004698399646961
0.44509171203168846,0.24156432390023708,0.24873328425196076,0.06461067981611382
0.44151253491360887,0.24454223106869907,0.25057854705214433,0.06336668696554787
0.08661435469607416,0.5442374214371711,0.1148216390308215,0.25432658483593307
0.4333248015642679,0.2508770572863587,0.2518119400045222,0.06398620114485117
0.6244412779825316,0.06603562842862712,0.18212510372823512,0.12739798986060627
0.5320390817434004,0.16757144062190638,0.22842564897412,0.07196382866057331
0.4678836882265505,0.22252410287860236,0.24377672140736575,0.06581548748748134
0.3903146669015875,0.2864197996142839,0.2558054601278336,0.06746007335629522
0.4675910995335426,0.22291705517297272,0.2442601677945671,0.06523167749891759
0.40457317238735024,0.2745889951847817,0.25542408409691186,0.06541374833095615
0.4605721450572349,0.22891937404349502,0.24658580034270758,0.0639226805565628
0.47458999826473147,0.21676186857190097,0.24206198253754616,0.0665861506258216
0.5547542849392494,0.13928571600116452,0.21595086757234597,0.09000913148724014
0.48262808341621777,0.21038545073919515,0.241086971878568,0.06589949396601914
0.36296948805078627,0.30342224436907655,0.26966144640604633,0.06394682117409084
0.2675437654393648,0.39697481577984667,0.22795742582939613,0.10752399295139253
0.49445754229318517,0.2002520249047731,0.2380442671494077,0.06724616565263412
0.43641151230413133,0.24843134799734226,0.25146638072942606,0.06369075896910026
0.4944762734718508,0.20003893153143118,0.23797060137576165,0.06751419362095609
0.43052798933453745,0.25348016123848727,0.24971083302910663,0.06628101639786875
0.3618194799214933,0.3018955269740131,0.27285770268211207,0.06342729042238177
0.4164454537757068,0.26512735434851326,0.2512291187943777,0.06719807308140249
0.41600780926448594,0.264975986497177,0.25598563791126394,0.06303056632707335
0.6189949003035795,0.08518747237270223,0.19421401221361817,0.10160361511010031
0.6205762127545001,0.07261138776210835,0.18650176317652986,0.12031063630686106
0.4348375277652046,0.24997395837489406,0.25158740798545176,0.06360110587444959
0.2363217674020223,0.419085246288821,0.19974301785490028,0.14484996845425663
0.45011345133555763,0.23658992320063785,0.2440733696162299,0.06922325584757466
0.1600378392946728,0.46940997994778866,0.15469277079595223,0.21585940996158612
0.36888039395128525,0.30526994595113033,0.24361597032526758,0.08223368977231704
0.46715260986378604,0.22260938974947164,0.2424329855850002,0.06780501480174213
0.4768824900055648,0.21524496887243608,0.24258742012482432,0.06528512099717489
0.40116962010044965,0.27548677063161364,0.2609431441793612,0.062400465088575455
0.3603589772953502,0.3129275369864183,0.24700126511309695,0.07971222060513465
0.3833568206178834,0.2930320331727089,0.24836187983798266,0.0752492663714251
0.5494797641724406,0.15122750528584522,0.22283096424745916,0.07646176629425513
0.4328262499029889,0.25112212442033177,0.24610333986086924,0.06994828581581003
0.45313715639706537,0.23377003402250118,0.24287483485805378,0.07021797472237962
0.01738489216501058,0.5324072119772864,0.03927593310952854,0.41093196274817473
0.08080801151929616,0.5414277049575034,0.10762550912499906,0.270138774398201
0.4081363644536969,0.271795784197132,0.2467651892658605,0.07330266208331088
0.46877563483086737,0.2220174611699843,0.24436690848669304,0.06483999551245524
0.5180053860667846,0.17990455801144414,0.232254101458101,0.06983595446367004
0.3282022137525367,0.3380272553181941,0.2570001078917774,0.07677042303749156
0.37960499610311266,0.2961341058536271,0.25115130285160836,0.07310959519165187
0.44844327034535214,0.238467146885122,0.24611815594074313,0.06697142682878264
0.31828027614729376,0.3461102648124728,0.257171256725296,0.0784382023149374
0.41328405734522694,0.2674353567973007,0.2548984567266306,0.06438212913084172
0.4494133340888581,0.23661582674677434,0.2425443702790912,0.07142646888527635
0.41916550388840407,0.26275032886405264,0.24835570428334064,0.06972846296420267
0.4754940087632937,0.2160831776411642,0.24207781071248066,0.06634500288306165
0.4326755052561296,0.2517328796371444,0.24992640878459926,0.06566520632212679
0.44222130664516396,0.2439256385906799,0.24924947110317702,0.06460358366097908
0.3819103151014106,0.28914718032522424,0.2667927127652953,0.06214979180806966
0.43748442785943137,0.2477056226995422,0.25221893623036507,0.06259101321066116
0.0020188387955512367,0.18510100825151654,0.005210203251687861,0.8076699497012453
0.47945788808453277,0.21286005474097197,0.2415066054798494,0.06617545169464571
0.3671699365079567,0.30219287607429485,0.2655547375745385,0.06508244984320954
0.38913643291561023,0.28779422652582454,0.24517547876856258,0.07789386179000257
0.42645612365628094,0.25675874629967743,0.25313337025893584,0.06365175978510604
0.44509171203168846,0.24156432390023708,0.24873328425196076,0.06461067981611382
0.3399029092587723,0.3307683279527511,0.24006124863486494,0.08926751415361135
0.415911560680017,0.26550001986344024,0.2527848418592361,0.06580357759730641
0.37871752391124375,0.29576264557707443,0.25733091487536586,0.0681889156363157
0.25472279973894685,0.4021380611855553,0.20595536783132334,0.1371837712441745
0.4164486386173161,0.2634229886840982,0.24159273488809813,0.0785356378104875
0.4644375034976943,0.2240477270316771,0.2408844585944503,0.07063031087617824
0.4469418974425496,0.24002392119771027,0.24964608112181433,0.06338810023792556
0.38478948142050784,0.28876653707417854,0.26298381637753837,0.06346016512777546
0.43543389574120606,0.2492980951420113,0.25264835907353944,0.06261965004324316
0.4552691720482245,0.23322481985387744,0.24720249895690571,0.06430350914099225
0.38242290765291825,0.29089191959362587,0.26261001974342074,0.06407515301003483
0.3640632900567506,0.30963933866489707,0.24875725939649798,0.0775401118818544
0.5206951633177429,0.1775535565899821,0.23139760650781557,0.07035367358445939
0.4400011016179068,0.24563027682415794,0.25139505364765286,0.06297356791028244
0.46349877840511866,0.22648826401427777,0.24589834789559725,0.06411460968500621
0.6357620226135754,0.067545837252562,0.18388994074212053,0.11280219939174202
0.4450986683821962,0.2407004777896856,0.24435599001774197,0.06984486381037612
0.4511764370988288,0.2346610113895756,0.24124021317678795,0.07292233833480782
0.3473748148095,0.316258945264781,0.26944167887079185,0.06692456105492704
0.5807097623748068,0.12384624637886901,0.21291916357745266,0.08252482766887159
0.5093828082084106,0.1856733478874306,0.23142735086674426,0.07351649303741467
0.3910455978649774,0.2862265275740657,0.2532821522207631,0.0694457223401935
0.4725454762219193,0.2182943230873311,0.24200385725000087,0.06715634344074882
0.4635208630330902,0.22642019438728914,0.24569098180764784,0.06436796077197292
0.46418812773799134,0.22388931336291185,0.24016230788767964,0.07176025101141707
0.49293876386096747,0.20147675441165394,0.2385234519681973,0.06706102975918127
0.4948188624088206,0.1994865032502874,0.236918353666036,0.06877628067485612
0.43542914967215424,0.24929424868754124,0.2526123073995153,0.06266429424078933
0.2293718323601725,0.4325750919373159,0.21961529545607827,0.11843778024643341
0.39598614329199106,0.2816423959554692,0.2439155323584361,0.07845592839410377
0.44874609568213936,0.23848735091931342,0.2475658076624716,0.0652007457360758
0.4093292114826202,0.2708152046638767,0.2469487841715815,0.0729067996819217
0.45165106187067205,0.23608214509678838,0.2470471972343532,0.06521959579818637
0.3739651083624621,0.30086471582249835,0.2518084448819148,0.073361730933125
0.4187354706297075,0.2628113070804831,0.25547048512922393,0.06298273716058524
0.4164994436087906,0.2650579638562571,0.2496130150459255,0.06882957748902677
0.413627362051527,0.26734970548968356,0.2533112499443243,0.06571168251446508
0.6309704839475191,0.06640864459800419,0.18336528827813744,0.1192555831763393
0.4445651012164614,0.24201133954147472,0.2504916058901233,0.06293195335194077
0.42661264973962537,0.2567290926784629,0.250846158743456,0.0658120988384556
0.3433699938763753,0.327283916625858,0.2502370416380867,0.07910904785968008
0.4866461186042145,0.20387774824654545,0.23529863481025884,0.07417749833898112
0.43987672116243404,0.24585848527235324,0.24979842025320398,0.06446637331200895
0.5701955088022981,0.13338085989958234,0.21650187879360402,0.07992175250451536
0.5195386843228298,0.17842465708873348,0.2317608351340317,0.07027582345440496
0.39561234776604404,0.2808294597056523,0.26015251398945366,0.06340567853884982
0.32881057570950334,0.33786087211825455,0.2561454452129846,0.07718310695925752
0.4471132344759097,0.23937441475401722,0.24627011365800117,0.06724223711207171
0.49448613433627425,0.17579716242141827,0.21682817908668287,0.11288852415562439
0.5193163057440056,0.1785782824403234,0.23178530089012644,0.07032011092554483
0.3815202310330292,0.2945702305911565,0.24713268127412724,0.07677685710168719
0.4161895490270574,0.26509473780663995,0.25443073441439845,0.06428497875190398
0.4785911939863446,0.21374378033523975,0.24204898521340779,0.0656160404650078
0.2665316176578521,0.38494567883594705,0.20335238003478584,0.14517032347141512
0.4305355796686372,0.24896428076603416,0.23662511140193496,0.08387502816339384
0.489028145146818,0.20465059774399308,0.23917297271754143,0.0671482843916475
0.396777481755957,0.28159704328790824,0.2507955578870903,0.07082991706904435
0.2364706501684142,0.4261354836410937,0.2163437284250579,0.12105013776543419
0.4442946001924489,0.24213691312751742,0.25006860206129256,0.06349988461874122
0.385567108886234,0.29096349156002627,0.25229493127539265,0.07117446827834718
0.4989584202064668,0.19576015474140687,0.2356090000560954,0.06967242499603109
0.41698583926815536,0.2646797268412406,0.2504884143645025,0.06784601952610148
0.4612196985390202,0.22835042242293285,0.24634256750036887,0.06408731153767833
0.4364398442916065,0.24867208238565985,0.25026183419862424,0.06462623912410939
0.43705989802730444,0.24496676714022586,0.23897223898266814,0.0790010958498015
0.3900429491090848,0.2871884660385725,0.25222846183853337,0.0705401230138093
0.6401131528935877,0.06556978644330486,0.1834656980421312,0.11085136262097597
0.5509383173746463,0.14895574594659772,0.22166348566250807,0.07844245101624772
0.4589243702563298,0.2290950431259136,0.24261231798385352,0.06936826863390304
0.44697864190023473,0.2400512654710389,0.24989706370672446,0.06307302892200194
0.4124955764219923,0.26836634133947296,0.24905611404438238,0.0700819681941524
0.27838075284759983,0.3864611001819442,0.22567281162012479,0.1094853353503311
0.454952761501011,0.23263296636117842,0.24374246711893452,0.06867180501887611
0.0029361146632702595,0.3688810681623001,0.009493727917900747,0.6186890892565289
0.49408625971891823,0.19957230724134892,0.23682807658658808,0.06951335645314465
0.4739287097949866,0.21749956792504052,0.24265917713306479,0.06591254514690817
0.43505587912783455,0.24964887195063912,0.2528064657250112,0.06248878319651501
0.45834746538223176,0.2306934877360193,0.24665055868310964,0.06430848819863935
0.4288855124870456,0.25475723460033767,0.24875806508403098,0.0675991878285857
0.4531186263495647,0.235064715149998,0.24832413691848906,0.06349252158194803
0.4327453346100967,0.2514816102434221,0.2533745250975366,0.06239853004894457
0.4225364737405542,0.2568745499415144,0.23857742294271428,0.08201155337521732
0.4056792933806985,0.2728337438948776,0.2588756804104646,0.06261128231395942
0.41354076881130014,0.2674881708231007,0.2524812039647649,0.06648985640083425
0.6296451237863994,0.07674757817331448,0.19039549896185526,0.10321179907843142
0.41960012504016453,0.2625152640720964,0.25082263590500575,0.06706197498273316
0.44351433956400566,0.24289834027926038,0.25059976409992096,0.06298755605681301
0.3800166971823503,0.2903659445421492,0.2673753490338909,0.06224200924160978
0.5851621515138685,0.11070521925250128,0.205592344771243,0.09854028446238722
0.6262947420686225,0.07910509500867767,0.19199758687440333,0.10260257604829635
0.4663637385834171,0.22388080681874523,0.24436298842023144,0.0653924661776063
0.4330760379888364,0.2454623117277774,0.23469799682431597,0.08676365345907017
0.3793775772098923,0.29097201477271295,0.26741490467100065,0.0622355033463943
0.44980723706562986,0.2376462063155345,0.24762927848590008,0.06491727813293555
0.4290864452675273,0.2543991381766172,0.24722229712988564,0.06929211942597004
0.6001854014429187,0.10571658276695643,0.20525005805697652,0.08884795773314824
0.44274148322171053,0.24350682162848825,0.24928425960069106,0.0644674355491103
0.4684276977463761,0.22135005665985,0.2412704729536033,0.06895177264017048
0.08109827680073949,0.5177076810348239,0.10147015299102051,0.29972388917341614
0.4403966548565577,0.2454377512804861,0.24983471212074274,0.06433088174221364
0.10124883759172577,0.4070106425486719,0.0993368827827723,0.3924036370768301
0.3577543704801298,0.30990789514701533,0.26559484070502426,0.06674289366783069
0.4458264147306861,0.24090194500263035,0.24807744803560047,0.06519419223108304
0.4644375034976943,0.2240477270316771,0.2408844585944503,0.07063031087617824
0.42050319444750983,0.26175531885104664,0.2517332701329756,0.0660082165684682
0.4682526746788496,0.22252898999478268,0.2447469338516508,0.06447140147471678
0.4067294298918468,0.2367113046039786,0.21156430805777157,0.14499495744640287
0.4432167037639608,0.24136055764099312,0.24192809068559665,0.0734946479094496
0.5781332409993161,0.1261034763134818,0.21397606748866188,0.08178721519854035
0.5217028936653622,0.17545333364187218,0.23014104207286912,0.07270273061989661
0.0013683235580867884,0.35679994903970064,0.0059435960451963785,0.6358881313570156
0.6526995993913423,0.04983210632238283,0.17181298318608804,0.12565531110018716
0.4493945930697309,0.2373632743506157,0.24474203238192505,0.0685001001977284
0.5770532625356747,0.12420067899580235,0.21254041972282423,0.08620563874569862
0.5601550857209211,0.14143475725438773,0.21941780612790854,0.07899235089678246
0.5988565092405622,0.07268919058850232,0.18288535531973843,0.1455689448511973
0.4110197509655577,0.2692254831995164,0.2554395102538261,0.06431525558109998
0.38518523284382866,0.28801528473931126,0.26392889038249207,0.06287059203436794
0.4337837166829582,0.25036017452763165,0.24621088218697781,0.06964522660243216
0.3861449718462511,0.28890256747068804,0.25958499790446105,0.0653674627786001
0.41480389982047045,0.2664027644115933,0.24856785848992893,0.07022547727800739
0.4014629159665958,0.27651929628584726,0.24240588045067255,0.07961190729688448
0.4993670892418924,0.19610264564612737,0.23702438793254002,0.06750587717944012
0.4752403917390219,0.2166690043979683,0.24306352994397962,0.06502707391902991
0.4078125034145786,0.2702604258071497,0.24024437021399395,0.08168270056427743
0.4098842287301789,0.2689321532467831,0.24137603346488656,0.07980758455815137
